
==============================
Split: root.1: 0 | 1 | 2 | 3
	GGGCTCG|7|128|182:	-2.0000|-0.9291|-1.9024|0.9165
	AATCTGG|7|75|149:	-1.7143|-1.0157|-1.8293|1.1336
	AACTTTT|7|27|169:	-1.3333|0.9449|-1.8537|0.9258
	GTCGGC|6|20|24:	-1.7143|0.9449|-2.0000|0.9592
	GCACGCG|7|104|118:	-1.7619|0.9606|-2.0000|0.9592
	TGCTA|5|29|35:	-1.7619|0.9291|-2.0000|0.9629
	GCTC|4|8|12:	-1.9524|0.9449|-2.0000|0.9295
	GGACGT|6|48|55:	-1.7619|0.9764|-2.0000|0.9573
	CGTCGCG|7|78|120:	-1.6667|0.9606|-1.9268|0.9499
	TACTGT|6|25|39:	-1.7143|-1.7087|-1.5854|1.4341

==============================
Split: root.1.1: 0 | 1
	CTTATG|6|2|10:	-1.0000|1.3333
	ATGGCCC|7|243|253:	1.4000|-2.0000
	CTCCGTT|7|82|108:	-1.0000|1.3333
	CTAG|4|2|2:	-1.0000|1.6667
	AATCCC|6|11|64:	-1.0000|1.1667
	AATCCG|6|11|62:	-1.0000|1.1667
	AATTTC|6|11|44:	-0.8667|2.0000
	AGCCTT|6|31|59:	-0.8000|1.0000
	ATACAG|6|35|50:	-1.4000|2.0000
	CATCTT|6|10|59:	-1.4000|2.0000
	CTACAA|6|34|49:	-1.0667|1.0000
	CTATCC|6|34|48:	-1.0000|1.1667
	CTTTCT|6|2|47:	-1.0000|1.8333
	GGTGTT|6|16|27:	1.0667|-1.0000
	TTTTTC|6|1|44:	-0.8667|2.0000
	AAATATC|7|43|45:	-1.0000|1.1667
	AACTGTC|7|27|109:	-1.0667|1.0000
	ACATCGT|7|39|217:	-1.4667|2.0000
	ACCGCCG|7|215|245:	1.0000|-1.3333
	ACGTGAC|7|55|77:	-1.0000|1.6667
	ACTATTA|7|135|161:	-1.0667|1.0000
	ACTTGAT|7|7|73:	-1.0000|1.8333
	ACTTGTG|7|7|101:	-1.0000|1.8333
	AGAATCG|7|175|181:	-1.0000|1.8333
	AGACCTG|7|111|229:	-1.0000|1.1667
	AGCATCT|7|159|185:	1.0667|-1.0000
	AGCTCTC|7|31|237:	-0.8667|2.0000
	AGGCCGT|7|127|217:	-0.8667|2.0000
	AGGTGAC|7|63|77:	1.0667|-1.0000
	AGTCCGG|7|79|213:	-1.0000|1.1667
	AGTCTCA|7|79|177:	-1.0667|1.0000
	ATATTCT|7|35|185:	0.8667|-2.0000
	ATCTGAC|7|19|77:	-0.8667|2.0000
	ATTATTT|7|131|169:	-0.8000|1.0000
	ATTGCAC|7|195|205:	1.0000|-1.6667
	ATTGCGC|7|195|221:	1.0000|-1.6667
	ATTTGCA|7|3|113:	-0.8667|2.0000
	ATTTGGC|7|3|93:	-1.0000|1.8333
	CAATTAC|7|42|144:	-1.0000|1.8333
	CAATTCA|7|42|180:	-1.0000|1.6667
	CACATGC|7|154|160:	1.0000|-1.6667
	CAGCGCC|7|122|128:	-1.0000|1.1667
	CCGACGT|7|182|220:	-0.8000|1.0000
	CCTACCT|7|134|252:	-1.0667|1.0000
	CGACCCG|7|110|248:	-1.0000|1.1667
	CGCTCGT|7|30|220:	-1.4000|2.0000
	CGGCCCC|7|126|256:	-0.8667|2.0000
	CTTTTGT|7|2|156:	-1.4000|2.0000
	GAATCCT|7|44|250:	-1.0000|1.8333
	GCATTCG|7|40|182:	-0.8667|2.0000
	GCGACTG|7|184|230:	-0.8667|2.0000
	GCGCTCA|7|120|178:	-0.8000|1.0000
	GCTTTCA|7|8|178:	-1.0000|1.1667
	GGATTCC|7|48|190:	-0.8667|2.0000
	GGATTTT|7|48|170:	-0.8667|2.0000
	GGGCCTC|7|128|238:	-1.0000|1.1667
	GTCATTC|7|148|174:	-1.0667|1.0000
	GTGACCT|7|180|250:	1.0000|-1.6667
	GTTATAT|7|132|138:	-0.8667|2.0000
	GTTCTCA|7|68|178:	-1.0000|1.1667
	GTTTATA|7|4|34:	-1.0667|1.0000
	GTTTATG|7|4|38:	-1.0667|1.0000
	TAATGCG|7|41|119:	-0.8667|2.0000
	TATACCA|7|137|243:	-1.4667|2.0000
	TCGTGTC|7|53|111:	1.0667|-1.0000
	TGATATC|7|45|47:	-1.0000|1.6667
	TGCTGGC|7|29|95:	-1.0000|1.1667
	TGGACAC|7|189|207:	-1.0000|1.1667
	TGGTGAT|7|61|75:	1.0667|-1.0000
	TGTACTA|7|141|227:	-1.0000|1.1667
	TGTATCT|7|141|187:	1.0000|-1.6667
	TTTGCAC|7|193|207:	-1.0000|1.6667
	ACCCTC|6|23|60:	1.0000|-1.1667
	ATCTAT|6|19|35:	1.0000|-1.8333
	ATCTTA|6|19|41:	1.0000|-1.8333
	CGGCCG|6|62|62:	1.0000|-1.8333
	AATTATT|7|11|41:	1.0000|-1.8333
	ACCTCAA|7|23|193:	1.0000|-1.1667
	ACTCTCC|7|71|189:	1.0000|-1.1667
	GCCCCCT|7|88|250:	1.0000|-1.8333
	GCCTGGG|7|24|86:	1.0000|-1.1667
	GCCTTTC|7|24|174:	1.0000|-1.1667
	GTACCAT|7|100|202:	1.0000|-1.1667
	TATCTTC|7|73|175:	1.0000|-1.1667
	TGCCTAG|7|93|135:	1.0000|-1.1667
	TGGTTTC|7|61|175:	1.0000|-1.1667
	TCGT|4|5|7:	1.0000|-1.0000
	TTCG|4|1|14:	1.0000|-1.0000
	ACCCC|5|23|61:	1.0000|-1.0000
	AGCCA|5|31|49:	-1.0000|1.0000
	CCACC|5|38|64:	1.0000|-1.0000
	CCTCT|5|6|60:	-1.0000|1.0000
	CGTCT|5|14|60:	-1.0000|1.0000
	CTTAA|5|2|4:	-1.0000|1.0000
	CTTGC|5|2|32:	-1.0000|1.0000
	CTTTT|5|2|44:	-1.0000|1.0000
	GGTGC|5|16|30:	1.0000|-1.0000
	AAGCCC|6|59|64:	1.0000|-1.0000
	AATTAT|6|11|35:	-1.0000|2.0000
	ACCCTT|6|23|59:	1.0000|-1.0000

==============================
Split: root.1.1.1: Candidatus_Hamiltonella | Candidatus_Regiella | Lelliottia
	GCTG|4|8|10:	1.0000|2.0000|-1.0000
	TACC|4|9|16:	2.0000|1.0000|-1.0000
	ACTTC|5|7|45:	-2.0000|-1.0000|1.0000
	ATATG|5|35|37:	-2.0000|-1.0000|1.0000
	ATATT|5|35|41:	-2.0000|-1.0000|1.0000
	CATAC|5|10|16:	-2.0000|1.0000|2.0000
	CATAT|5|10|12:	-2.0000|-1.0000|2.0000
	CATGG|5|10|24:	-2.0000|-1.0000|2.0000
	CCCTT|5|22|44:	2.0000|1.0000|-1.0000
	CTTGG|5|2|24:	-2.0000|-1.0000|1.0000
	GATTA|5|12|34:	2.0000|1.0000|-1.0000
	TGTCG|5|13|55:	2.0000|1.0000|-1.0000
	TTACT|5|33|59:	-2.0000|-1.0000|1.0000
	TTCGG|5|17|23:	2.0000|1.0000|-1.0000
	TTTAC|5|1|15:	-2.0000|-1.0000|1.0000
	TTTGT|5|1|27:	-2.0000|1.0000|2.0000
	AACGTC|6|27|28:	-1.0000|-2.0000|1.0000
	AACTCG|6|27|46:	-2.0000|-1.0000|1.0000
	AACTTG|6|27|42:	-1.0000|2.0000|1.0000
	AATCCA|6|11|61:	-2.0000|-1.0000|1.0000
	AATCTC|6|11|60:	-2.0000|-1.0000|1.0000
	AATCTT|6|11|59:	-2.0000|-1.0000|1.0000
	AATTGC|6|11|40:	-1.0000|2.0000|1.0000
	ACACCC|6|39|64:	-1.0000|-2.0000|1.0000
	ACATTG|6|39|42:	2.0000|1.0000|-1.0000
	ACCGTG|6|23|26:	2.0000|1.0000|-1.0000
	ACCTGC|6|23|40:	1.0000|2.0000|-1.0000
	ACGCGC|6|55|56:	2.0000|1.0000|-1.0000
	AGACCA|6|47|61:	-1.0000|2.0000|1.0000
	ATACGC|6|35|56:	-2.0000|-1.0000|1.0000
	ATACGT|6|35|55:	-2.0000|-1.0000|1.0000
	ATACTA|6|35|57:	-2.0000|-1.0000|1.0000
	ATACTC|6|35|60:	-2.0000|-1.0000|1.0000
	ATATCG|6|35|46:	-2.0000|-1.0000|1.0000
	ATATGC|6|35|40:	-2.0000|-1.0000|1.0000
	ATCGTC|6|19|28:	2.0000|1.0000|-1.0000
	ATTATG|6|3|10:	-2.0000|-1.0000|1.0000
	ATTTAA|6|3|33:	1.0000|-2.0000|-1.0000
	CAACCC|6|42|64:	-2.0000|-1.0000|1.0000
	CACCCT|6|26|63:	1.0000|2.0000|-1.0000
	CACGCC|6|26|32:	2.0000|1.0000|-1.0000
	CATTGG|6|10|38:	-2.0000|-1.0000|2.0000
	CCACAT|6|38|51:	2.0000|1.0000|-1.0000
	CCACCT|6|38|63:	2.0000|1.0000|-1.0000
	CCATCA|6|38|45:	-2.0000|1.0000|2.0000
	CCCCAC|6|22|52:	2.0000|1.0000|-1.0000
	CCCCAG|6|22|50:	2.0000|1.0000|-1.0000
	CCCCTC|6|22|60:	1.0000|2.0000|-1.0000
	CCGCGC|6|54|56:	2.0000|1.0000|-2.0000
	CCTAGC|6|6|8:	-2.0000|-1.0000|1.0000
	CCTATT|6|6|11:	-2.0000|-1.0000|1.0000
	CCTTCA|6|6|45:	-2.0000|-1.0000|1.0000
	CGTACT|6|14|15:	-2.0000|-1.0000|1.0000
	CGTGAT|6|14|19:	2.0000|1.0000|-1.0000
	CGTTCG|6|14|46:	-2.0000|-1.0000|2.0000
	CTCTCC|6|18|48:	2.0000|1.0000|-1.0000
	CTGCGA|6|50|53:	2.0000|1.0000|-1.0000
	CTTCGT|6|2|55:	-2.0000|-1.0000|1.0000
	CTTCTT|6|2|59:	-2.0000|-1.0000|1.0000
	CTTGAT|6|2|19:	-2.0000|-1.0000|1.0000
	CTTGGT|6|2|23:	-2.0000|-1.0000|1.0000
	CTTTCG|6|2|46:	-2.0000|-1.0000|2.0000
	CTTTTC|6|2|44:	-2.0000|-1.0000|1.0000
	GAACTC|6|44|60:	-2.0000|-1.0000|1.0000
	GATCAA|6|12|49:	2.0000|1.0000|-1.0000
	GATGAT|6|12|19:	-2.0000|-1.0000|1.0000
	GATGGT|6|12|23:	-2.0000|-1.0000|1.0000
	GATTCT|6|12|47:	2.0000|1.0000|-1.0000
	GCACAC|6|40|52:	-2.0000|1.0000|2.0000
	GCACGG|6|40|54:	-1.0000|-2.0000|1.0000
	GCCCTT|6|24|59:	1.0000|2.0000|-1.0000
	GCCTCG|6|24|46:	2.0000|1.0000|-2.0000
	GCCTTA|6|24|41:	1.0000|2.0000|-1.0000
	GCTATT|6|8|11:	-2.0000|-1.0000|1.0000
	GCTCCT|6|8|63:	-2.0000|-1.0000|1.0000
	GCTGAA|6|8|17:	-2.0000|-1.0000|1.0000
	GCTGAT|6|8|19:	-2.0000|-1.0000|1.0000
	GGACAC|6|48|52:	-1.0000|2.0000|1.0000
	GGTGGA|6|16|21:	-2.0000|-1.0000|1.0000
	GGTTCG|6|16|46:	-2.0000|-1.0000|2.0000
	GTACCG|6|36|62:	2.0000|1.0000|-2.0000
	GTATCG|6|36|46:	2.0000|1.0000|-1.0000
	GTATGG|6|36|38:	-2.0000|-1.0000|1.0000
	GTCCGG|6|20|54:	1.0000|2.0000|-1.0000
	GTCTAC|6|20|36:	-2.0000|-1.0000|1.0000
	GTTGTA|6|4|25:	2.0000|1.0000|-1.0000
	GTTTCG|6|4|46:	2.0000|1.0000|-1.0000
	TAGCCT|6|57|63:	1.0000|2.0000|-1.0000
	TATACG|6|9|14:	-1.0000|2.0000|1.0000
	TATGTC|6|9|28:	-1.0000|2.0000|1.0000
	TATTTC|6|9|44:	1.0000|2.0000|-1.0000
	TCCCCA|6|21|61:	1.0000|2.0000|-1.0000
	TCCGTC|6|21|28:	2.0000|1.0000|-1.0000
	TCCTTG|6|21|42:	-1.0000|-2.0000|1.0000
	TCGCGC|6|53|56:	1.0000|2.0000|-1.0000
	TCTCAA|6|5|49:	1.0000|2.0000|-1.0000
	TCTCGC|6|5|56:	-2.0000|-1.0000|1.0000
	TCTGGA|6|5|21:	-2.0000|-1.0000|1.0000
	TCTTAG|6|5|34:	-1.0000|2.0000|1.0000
	TGACTG|6|45|58:	1.0000|2.0000|-1.0000

==============================
Split: root.1.1.2: Candidatus_Doolittlea | Candidatus_Hoaglandella | Candidatus_Moranella
	TGCTAT|6|29|35:	2.0000|1.0000|-1.0000
	AAAACTC|7|171|237:	-2.0000|-1.0000|1.0000
	AATACAG|7|139|197:	-2.0000|-1.0000|1.0000
	ACATGTA|7|39|97:	-2.0000|-1.0000|1.0000
	ACCGCTG|7|215|229:	-2.0000|-1.0000|1.0000
	ACTACGT|7|135|217:	-2.0000|-1.0000|1.0000
	ACTTATC|7|7|45:	2.0000|1.0000|-1.0000
	ACTTTAG|7|7|133:	-2.0000|-1.0000|1.0000
	AGCCCAG|7|95|197:	-1.0000|-2.0000|1.0000
	AGCTGTC|7|31|109:	1.0000|2.0000|-1.0000
	ATACGTG|7|99|101:	-1.0000|-2.0000|1.0000
	ATCCTCG|7|83|181:	-2.0000|-1.0000|1.0000
	ATCTCTG|7|19|229:	-1.0000|-2.0000|1.0000
	CACATCG|7|154|184:	2.0000|1.0000|-1.0000
	CCCTGCC|7|22|128:	-1.0000|-2.0000|1.0000
	CCCTTCC|7|22|192:	-1.0000|-2.0000|1.0000
	CGTCGGG|7|78|88:	2.0000|1.0000|-1.0000
	CGTTACC|7|14|64:	-1.0000|-2.0000|1.0000
	CTACCGT|7|98|220:	-1.0000|-2.0000|1.0000
	CTCGCGA|7|210|212:	-2.0000|-1.0000|1.0000
	CTTACCG|7|130|248:	2.0000|1.0000|-1.0000
	CTTTGTC|7|2|112:	1.0000|2.0000|-1.0000
	CTTTGTG|7|2|104:	-2.0000|-1.0000|1.0000
	GACTATC|7|28|46:	-1.0000|-2.0000|1.0000
	GCCCCGG|7|88|214:	2.0000|1.0000|-1.0000
	GCCCGCC|7|88|126:	-2.0000|-1.0000|1.0000
	GCCTGGA|7|24|82:	2.0000|1.0000|-1.0000
	GCTTCGG|7|8|214:	-2.0000|-1.0000|1.0000
	GCTTTCG|7|8|182:	-2.0000|-1.0000|1.0000
	GGGTCGC|7|64|222:	2.0000|1.0000|-1.0000
	GGGTTAG|7|64|134:	2.0000|1.0000|-1.0000
	GTACCGA|7|100|210:	-1.0000|-2.0000|1.0000
	GTTCTTA|7|68|162:	2.0000|1.0000|-1.0000
	TACATCT|7|153|187:	2.0000|1.0000|-1.0000
	TACCTTG|7|89|167:	-2.0000|-1.0000|1.0000
	TCCTCTC|7|21|239:	-1.0000|-2.0000|1.0000
	TCCTGCC|7|21|127:	-1.0000|-2.0000|1.0000
	TCGTCAG|7|53|199:	2.0000|1.0000|-1.0000
	TCGTCCA|7|53|243:	-1.0000|-2.0000|1.0000
	TCTACCA|7|133|243:	-2.0000|-1.0000|1.0000
	TTGACTG|7|177|231:	-2.0000|-1.0000|1.0000
	TTGTACC|7|49|63:	-1.0000|-2.0000|1.0000
	TTTTCCC|7|1|255:	-2.0000|-1.0000|1.0000
	ATAT|4|3|3:	-1.0000|-1.0000|1.0000
	ATGG|4|3|6:	1.0000|1.0000|-1.0000
	ATTA|4|3|9:	1.0000|1.0000|-1.0000
	CGCG|4|14|14:	-1.0000|-1.0000|1.0000
	TGCC|4|13|16:	-1.0000|-1.0000|1.0000
	ATATT|5|35|41:	-1.0000|-1.0000|1.0000
	ATGCT|5|51|57:	-1.0000|-1.0000|1.0000
	CATCG|5|10|56:	1.0000|1.0000|-1.0000
	CGTGG|5|14|24:	-1.0000|-1.0000|1.0000
	CTACT|5|34|60:	-1.0000|-1.0000|1.0000
	CTCCG|5|18|56:	-1.0000|-1.0000|1.0000
	GAACG|5|44|54:	-1.0000|-1.0000|1.0000
	GACTC|5|28|46:	1.0000|1.0000|-1.0000
	GCACG|5|40|54:	1.0000|1.0000|-1.0000
	GCATC|5|40|46:	1.0000|1.0000|-1.0000
	GCTGA|5|8|18:	-1.0000|-1.0000|1.0000
	GTGCC|5|52|62:	1.0000|1.0000|-1.0000
	GTTTG|5|4|38:	-1.0000|-1.0000|1.0000
	TAACC|5|41|63:	-1.0000|-1.0000|1.0000
	TCTAT|5|5|11:	-1.0000|-1.0000|1.0000
	TGTAC|5|13|15:	-1.0000|-1.0000|1.0000
	TTCCA|5|17|51:	1.0000|1.0000|-1.0000
	TTCCC|5|17|63:	1.0000|1.0000|-1.0000
	TTGCT|5|49|59:	1.0000|1.0000|-1.0000
	AAACAA|6|43|49:	-1.0000|-1.0000|1.0000
	AATACC|6|11|16:	1.0000|1.0000|-1.0000
	AATACT|6|11|15:	2.0000|2.0000|-1.0000
	AATCAC|6|11|52:	-1.0000|-1.0000|1.0000
	AATGTC|6|11|28:	1.0000|1.0000|-1.0000
	AATTGG|6|11|38:	1.0000|1.0000|-1.0000
	ACACAG|6|39|50:	1.0000|1.0000|-1.0000
	ACCCGT|6|23|55:	1.0000|1.0000|-1.0000
	ACCCTA|6|23|57:	-1.0000|-1.0000|1.0000
	ACTGGC|6|7|24:	-1.0000|-1.0000|1.0000
	AGCTGC|6|31|40:	1.0000|1.0000|-1.0000
	AGTGTA|6|15|25:	-1.0000|-1.0000|1.0000
	ATACGA|6|35|53:	-1.0000|-1.0000|1.0000
	ATACTC|6|35|60:	1.0000|1.0000|-1.0000
	ATATTA|6|35|41:	-1.0000|-1.0000|1.0000
	ATCCCG|6|19|62:	1.0000|1.0000|-1.0000
	ATCCGG|6|19|54:	-1.0000|-1.0000|1.0000
	ATCTGT|6|19|39:	1.0000|1.0000|-1.0000
	ATTAGC|6|3|8:	-1.0000|-1.0000|1.0000
	ATTATA|6|3|9:	-1.0000|-1.0000|1.0000
	CAACCT|6|42|63:	1.0000|1.0000|-1.0000
	CATTCG|6|10|46:	-1.0000|-1.0000|1.0000
	CATTGG|6|10|38:	-1.0000|-1.0000|1.0000
	CATTTC|6|10|44:	1.0000|1.0000|-1.0000
	CCACAT|6|38|51:	1.0000|1.0000|-1.0000
	CCACCT|6|38|63:	1.0000|1.0000|-1.0000
	CCTATT|6|6|11:	-1.0000|-1.0000|1.0000
	CGTCGT|6|14|55:	-1.0000|-1.0000|1.0000
	CGTGGC|6|14|24:	1.0000|1.0000|-1.0000
	CGTGGT|6|14|23:	-1.0000|-1.0000|1.0000
	CGTTAC|6|14|36:	-1.0000|-1.0000|1.0000
	CGTTAG|6|14|34:	-1.0000|-1.0000|1.0000
	CTCCAA|6|18|49:	-1.0000|-1.0000|1.0000

==============================
Split: root.1.2: 0 | 1
	CACCCAC|7|90|208:	-1.0000|1.0000
	GGAACGA|7|176|210:	-1.0000|1.0000
	TGCCTAT|7|93|139:	-1.0000|1.0000
	GTCCCGG|7|84|214:	0.9684|-1.0000
	TGGTTTC|7|61|175:	-1.0105|1.0625
	CGTTTTG|7|14|168:	-0.9789|1.0000
	TGTTGGT|7|13|91:	-0.9789|0.9375
	ACGCCTC|7|119|237:	-0.9789|0.9688
	GCACG|5|40|54:	0.9158|-1.0000
	ATTTCAC|7|3|205:	-0.9158|1.0000
	TAATGTC|7|41|111:	-0.9158|1.0312
	AATCGGA|7|75|81:	0.8842|-1.0000
	CATTTGT|7|10|156:	-0.9263|1.0000
	CCGGCCT|7|246|252:	-0.9263|1.0000
	GCAGCTT|7|232|234:	-0.9263|1.0000
	TGTTGCG|7|13|119:	0.8842|-1.0000
	ATCTGCT|7|19|121:	-0.8842|1.2812
	AATCTAG|7|75|133:	0.8947|-1.0000
	GTTCTCG|7|68|182:	0.8947|-1.0000
	TTAACCC|7|161|255:	0.8947|-1.0000
	ATTTAG|6|3|34:	-0.9263|1.0625
	ACACTC|6|39|60:	0.9158|-0.9375
	ACCCCGT|7|87|217:	0.9158|-0.9375
	TAACCAG|7|105|199:	-0.9263|0.9375
	TCTGCGC|7|197|223:	-0.9263|0.9375
	TTCTCTA|7|17|227:	-0.9263|0.9375
	GCATTCG|7|40|182:	-0.8842|0.9688
	CGTTCTT|7|14|236:	-0.9263|0.8438
	CAGCCT|6|58|63:	-0.9263|0.9688
	AGTACAT|7|143|201:	-0.9263|0.9688
	CGCCGCT|7|94|124:	-0.9263|0.9688
	CGGACGT|7|190|220:	-0.9263|0.9688
	GGACTTG|7|112|166:	-0.9263|0.8750
	TGCCCCC|7|93|255:	-0.9263|0.8750
	GTGCCA|6|52|61:	-0.9263|0.8125
	CTGTTTA|7|50|164:	-0.8737|1.6875
	TTAGCTT|7|225|235:	-0.8000|1.0000
	GGCACTT|7|160|234:	0.8421|-1.7500
	TCTTACA|7|5|51:	0.8000|-0.9375
	ACGACGG|7|183|213:	-0.8000|0.9375
	CACGCGC|7|218|224:	-0.8000|0.9375
	CGATTAA|7|46|132:	-0.8000|0.9375
	CATTCGG|7|10|216:	-0.8000|0.9688
	GCGATCC|7|184|190:	-0.8000|0.9688
	GGTTGTA|7|16|98:	-0.8000|0.9688
	CACGCTA|7|218|228:	-0.8000|0.8750
	GCGCTGT|7|120|154:	-0.8000|0.8750
	TTGCCGC|7|113|223:	-0.8000|0.8750
	GTGCG|5|52|54:	-0.8000|0.8125
	TCGCCTT|7|117|235:	-0.8000|0.8125
	ACCCTTC|7|87|173:	-0.9263|0.8750
	TTCACTC|7|145|239:	-0.8947|0.8750
	AGCCTAG|7|95|133:	-0.9263|1.0000
	GCAACCA|7|168|242:	-0.9263|1.0000
	TTCTCAG|7|17|199:	-0.8947|0.9375
	GATGT|5|12|26:	-0.8842|1.0000
	GATTGT|6|12|39:	-0.8842|1.0000
	CACTCGT|7|26|220:	-0.8842|1.0000
	GGTTGCA|7|16|114:	-0.8737|1.0000
	GGTTTTA|7|16|162:	-0.8842|1.0000
	TAAATTT|7|169|171:	-0.9158|1.0000
	GTCTAA|6|20|33:	0.8842|-1.0312
	GTTGCTT|7|196|234:	-0.8526|1.0000
	CTCATGG|7|146|152:	-0.8947|0.9688
	CCTA|4|6|9:	0.8842|-0.9375
	CTGTTAG|7|50|136:	0.8842|-0.9375
	CGGTCTG|7|62|232:	-0.8737|0.9375
	TACA|4|9|13:	0.8842|-0.9688
	TCTATG|6|5|10:	-0.8842|0.9688
	TGCCGA|6|29|53:	0.8842|-0.9688
	TGTGGT|6|13|23:	-0.9158|0.9688
	TGGTTGG|7|61|151:	-0.8526|1.0312
	TTGTCAG|7|49|199:	-0.8526|1.0312
	TGTTC|5|13|47:	-0.8421|1.0000
	ACTTCG|6|7|46:	-0.8421|1.0000
	AACCGTC|7|91|109:	-0.8421|1.0000
	AACTCGG|7|27|213:	-0.8421|1.0000
	CGATCTT|7|46|236:	-0.8421|1.0000
	AGATTCC|7|47|189:	-0.8526|0.9375
	TACCCTG|7|89|231:	-0.8526|0.9375
	TGTGTG|6|13|26:	-0.8737|0.9688
	GACTAC|6|28|36:	0.8421|-1.0312
	AGGCCCG|7|127|245:	0.8421|-1.0312
	ATCTACT|7|19|57:	0.8421|-1.0312
	CTAACAG|7|162|200:	0.8421|-1.0312
	GATCTTA|7|76|162:	0.8421|-1.0312
	GTGTTCC|7|52|190:	-0.8421|1.0312
	TACTTCA|7|25|179:	0.8421|-1.0312
	GGTTGGG|7|16|86:	-0.8842|0.9688
	CCCGC|5|22|32:	0.8421|-0.9375
	TGTCCA|6|13|61:	-0.8421|0.9375
	CGGTCTC|7|62|240:	-0.8421|0.9375
	GACTGTG|7|28|102:	-0.8421|0.9375
	TGGTGTG|7|61|103:	-0.8421|0.9375
	GCCTTTG|7|24|166:	-0.8421|0.8750
	GAACTTG|7|108|166:	0.8421|-0.8125

==============================
Split: root.1.2.1: Candidatus_Gillettellia | Cronobacter | Escherichia | Franconibacter | Shigella
	TGTGT|5|13|27:	-2.0000|-1.0000|2.0000|-1.0000|1.0000
	CGTTCGA|7|14|212:	-2.0000|-1.0000|2.0000|1.0000|1.0000
	CTCACGG|7|146|216:	-1.0000|1.0000|-2.0000|2.0000|1.0000
	TTGTGAA|7|49|67:	-2.0000|-1.0000|2.0000|1.0000|1.0000
	ATCTCA|6|19|45:	2.0000|-1.0000|1.0000|-2.0000|1.0000
	ATTCTT|6|3|59:	2.0000|-1.0000|1.0000|-2.0000|1.0000
	CCTCGA|6|6|53:	2.0000|-1.0000|1.0000|-2.0000|1.0000
	CGTGAT|6|14|19:	2.0000|-1.0000|1.0000|-2.0000|1.0000
	GATCGA|6|12|53:	2.0000|-1.0000|1.0000|-2.0000|1.0000
	GCCCCC|6|24|64:	2.0000|-1.0000|1.0000|-2.0000|1.0000
	GCTCCT|6|8|63:	-2.0000|1.0000|-1.0000|2.0000|-1.0000
	TCCCGC|6|21|56:	2.0000|-1.0000|1.0000|-2.0000|1.0000
	TTCCGG|6|17|54:	2.0000|-1.0000|1.0000|-2.0000|1.0000
	AACACAG|7|155|197:	2.0000|1.0000|-2.0000|1.0000|-1.0000
	ACAACGC|7|167|221:	-2.0000|1.0000|-1.0000|2.0000|-1.0000
	ACCTGAA|7|23|65:	2.0000|-1.0000|1.0000|-2.0000|1.0000
	ACTTTGT|7|7|153:	2.0000|-1.0000|1.0000|-2.0000|1.0000
	ATGTGAA|7|51|65:	2.0000|-1.0000|1.0000|-2.0000|1.0000
	ATTACCT|7|131|249:	-2.0000|1.0000|-1.0000|2.0000|-1.0000
	ATTACTT|7|131|233:	-2.0000|1.0000|-1.0000|2.0000|-1.0000
	CAATCGC|7|42|224:	2.0000|-1.0000|1.0000|-2.0000|1.0000
	CATCCCG|7|74|248:	2.0000|-1.0000|1.0000|-2.0000|1.0000
	CATCGTC|7|74|112:	2.0000|-1.0000|1.0000|-2.0000|1.0000
	CCACCCT|7|102|252:	2.0000|-1.0000|1.0000|-2.0000|1.0000
	CCGACCT|7|182|252:	-2.0000|-1.0000|2.0000|1.0000|2.0000
	CCTTCTT|7|6|236:	2.0000|-1.0000|1.0000|-2.0000|1.0000
	CGATCAT|7|46|204:	2.0000|-1.0000|1.0000|-2.0000|1.0000
	CGCGCCT|7|222|252:	-2.0000|1.0000|-1.0000|2.0000|-1.0000
	CTCCGGC|7|82|96:	2.0000|-1.0000|1.0000|-2.0000|1.0000
	GAGTGCT|7|60|122:	2.0000|-1.0000|1.0000|-2.0000|1.0000
	GATTGCC|7|12|126:	2.0000|-1.0000|1.0000|-2.0000|1.0000
	GATTGGC|7|12|94:	2.0000|-1.0000|1.0000|-2.0000|1.0000
	GCAGCCG|7|232|246:	-2.0000|1.0000|-1.0000|2.0000|-1.0000
	GGCTCAA|7|32|194:	-2.0000|1.0000|-1.0000|2.0000|-1.0000
	GGCTCGA|7|32|210:	-2.0000|1.0000|-1.0000|2.0000|-1.0000
	GGCTGGG|7|32|86:	-2.0000|1.0000|-1.0000|2.0000|-1.0000
	GGGCTCT|7|128|186:	-2.0000|1.0000|-1.0000|2.0000|-1.0000
	GTAGCCC|7|228|254:	-2.0000|1.0000|-1.0000|2.0000|-1.0000
	GTCTCAG|7|20|198:	2.0000|-1.0000|1.0000|-2.0000|1.0000
	GTGTCCC|7|52|254:	2.0000|-1.0000|1.0000|-2.0000|1.0000
	GTGTCCT|7|52|250:	2.0000|-1.0000|1.0000|-2.0000|1.0000
	GTTCCGA|7|68|210:	-2.0000|1.0000|-1.0000|2.0000|-1.0000
	TAACTGG|7|105|151:	2.0000|-1.0000|1.0000|-2.0000|1.0000
	TCGTACG|7|53|55:	2.0000|-1.0000|1.0000|-2.0000|1.0000
	TGCTTAG|7|29|135:	-2.0000|1.0000|-1.0000|2.0000|-1.0000
	TGGCCGG|7|125|215:	-2.0000|-1.0000|1.0000|-1.0000|2.0000
	TGTACCC|7|141|255:	2.0000|-1.0000|1.0000|-2.0000|1.0000
	TTCCTAC|7|81|143:	2.0000|-1.0000|1.0000|-2.0000|1.0000
	TTCTAGA|7|17|19:	1.0000|-1.0000|2.0000|-2.0000|2.0000
	TAGTGGG|7|57|87:	-1.0000|1.0000|-2.0000|2.0000|-1.0000
	ACGC|4|7|8:	-2.0000|-1.0000|1.0000|-1.0000|1.0000
	GTGT|4|4|7:	-1.0000|-1.0000|2.0000|1.0000|2.0000
	GTTG|4|4|10:	1.0000|-1.0000|2.0000|-1.0000|2.0000
	TCCC|4|5|16:	-2.0000|-1.0000|1.0000|-1.0000|1.0000
	AGACG|5|47|53:	-2.0000|-1.0000|1.0000|-1.0000|1.0000
	CCGCT|5|54|60:	-2.0000|-1.0000|1.0000|-1.0000|1.0000
	GATTT|5|12|42:	1.0000|-1.0000|2.0000|-1.0000|2.0000
	TGTAC|5|13|15:	-2.0000|-1.0000|1.0000|-1.0000|1.0000
	AAACAA|6|43|49:	-2.0000|-1.0000|1.0000|-1.0000|1.0000
	AAACTA|6|43|57:	-2.0000|-1.0000|1.0000|-1.0000|1.0000
	AACGCA|6|27|29:	-2.0000|1.0000|-1.0000|-1.0000|1.0000
	AACTTA|6|27|41:	-2.0000|1.0000|-1.0000|-1.0000|1.0000
	ACCTCT|6|23|47:	1.0000|-1.0000|2.0000|-1.0000|2.0000
	ACCTGA|6|23|37:	-2.0000|-1.0000|1.0000|-1.0000|1.0000
	ACGCCC|6|55|64:	-2.0000|-1.0000|1.0000|-1.0000|1.0000
	ACGCGC|6|55|56:	-2.0000|-1.0000|1.0000|-1.0000|1.0000
	ACGCGT|6|55|55:	-2.0000|-1.0000|1.0000|-1.0000|1.0000
	ACTATA|6|7|9:	-2.0000|-1.0000|1.0000|-1.0000|1.0000
	AGCTCT|6|31|47:	-2.0000|-1.0000|1.0000|-1.0000|1.0000
	CCCGCA|6|22|29:	-2.0000|-1.0000|1.0000|-1.0000|1.0000
	CCCGTA|6|22|25:	-2.0000|-1.0000|1.0000|-1.0000|1.0000
	CCTTAC|6|6|36:	-2.0000|-1.0000|1.0000|-1.0000|1.0000
	GACCGT|6|28|55:	-2.0000|-1.0000|1.0000|-1.0000|1.0000
	GCCGGC|6|24|24:	1.0000|-1.0000|2.0000|-1.0000|2.0000
	GGCTGT|6|32|39:	-1.0000|-1.0000|2.0000|1.0000|2.0000
	GTGCTC|6|52|60:	-2.0000|-1.0000|1.0000|-1.0000|1.0000
	GTTCAC|6|4|52:	-2.0000|-1.0000|1.0000|-1.0000|1.0000
	GTTCTA|6|4|57:	-2.0000|-1.0000|1.0000|1.0000|-1.0000
	TATTAA|6|9|33:	-2.0000|-1.0000|1.0000|-1.0000|1.0000
	TCACAC|6|37|52:	1.0000|-1.0000|2.0000|-1.0000|2.0000
	TCACGA|6|37|53:	-2.0000|-1.0000|1.0000|-1.0000|1.0000
	TGTGCA|6|13|29:	-2.0000|-1.0000|1.0000|-1.0000|1.0000
	AAAACAC|7|171|205:	-2.0000|-1.0000|1.0000|-1.0000|1.0000
	AAAACGG|7|171|213:	-2.0000|-1.0000|1.0000|-1.0000|1.0000
	AAAACTC|7|171|237:	-2.0000|-1.0000|1.0000|-1.0000|1.0000
	AAACTTA|7|107|161:	-2.0000|-1.0000|1.0000|-1.0000|1.0000
	AAACTTT|7|107|169:	-2.0000|-1.0000|1.0000|-1.0000|1.0000
	AACCCGC|7|91|221:	-2.0000|-1.0000|1.0000|-1.0000|1.0000
	AACCTGC|7|91|157:	1.0000|-1.0000|2.0000|-1.0000|2.0000
	AACGCCT|7|219|249:	-2.0000|-1.0000|1.0000|-1.0000|1.0000
	AAGCTCG|7|123|181:	-2.0000|-1.0000|1.0000|-1.0000|1.0000
	AAGCTTC|7|123|173:	-2.0000|-1.0000|1.0000|-1.0000|1.0000
	ACCCTTA|7|87|161:	-2.0000|-1.0000|1.0000|-1.0000|1.0000
	ACCTGCC|7|23|125:	-2.0000|-1.0000|1.0000|1.0000|-1.0000
	AGATCGT|7|47|217:	-2.0000|-1.0000|1.0000|-1.0000|1.0000
	AGCCCTG|7|95|229:	-2.0000|-1.0000|1.0000|-1.0000|1.0000
	AGCCTAA|7|95|129:	-2.0000|-1.0000|1.0000|-1.0000|1.0000
	AGGACTC|7|191|237:	-2.0000|-1.0000|1.0000|1.0000|-1.0000
	AGGTGTA|7|63|97:	1.0000|-1.0000|2.0000|-1.0000|2.0000
	AGTTGAC|7|15|77:	-2.0000|-1.0000|1.0000|1.0000|-1.0000

==============================
Split: root.1.2.2: Apirhabdus | Citrobacter | Mangrovibacter | Phytobacter | Symbiopectobacterium
	AATCGCT|7|75|121:	2.0000|-1.0000|-2.0000|1.0000|1.0000
	GGATGCC|7|48|126:	-1.0000|1.0000|-2.0000|-1.0000|2.0000
	AGACA|5|47|49:	2.0000|-1.0000|1.0000|1.0000|1.0000
	ACCCAA|6|23|49:	-2.0000|1.0000|-1.0000|-1.0000|1.0000
	CCCCCG|6|22|62:	-1.0000|1.0000|-2.0000|-1.0000|-1.0000
	CGTTCA|6|14|45:	-1.0000|-1.0000|1.0000|1.0000|2.0000
	CTGCGG|6|50|54:	-1.0000|1.0000|-2.0000|-1.0000|-1.0000
	CTTTAC|6|2|36:	1.0000|1.0000|-2.0000|-1.0000|-1.0000
	TAATTG|6|41|42:	-2.0000|1.0000|-2.0000|-1.0000|-1.0000
	TAGCTG|6|57|58:	2.0000|-1.0000|1.0000|2.0000|1.0000
	AAACTCC|7|107|189:	-1.0000|-1.0000|2.0000|1.0000|1.0000
	AAATCAC|7|43|205:	-1.0000|1.0000|-2.0000|-2.0000|-1.0000
	AACTCCG|7|27|245:	1.0000|-1.0000|2.0000|1.0000|1.0000
	AACTGCG|7|27|117:	-1.0000|1.0000|1.0000|-1.0000|-2.0000
	AAGACCT|7|187|249:	2.0000|-1.0000|2.0000|1.0000|1.0000
	AATCGGC|7|75|93:	-1.0000|1.0000|-1.0000|-1.0000|-2.0000
	ACCACCG|7|151|245:	-1.0000|-1.0000|1.0000|1.0000|2.0000
	ACCCCAG|7|87|197:	-2.0000|1.0000|-1.0000|-1.0000|-2.0000
	ACGCCCC|7|119|253:	-1.0000|1.0000|-2.0000|-1.0000|-1.0000
	ACGGCCC|7|247|253:	2.0000|-1.0000|1.0000|1.0000|1.0000
	AGCGCCA|7|223|241:	1.0000|-1.0000|2.0000|1.0000|1.0000
	AGTATCA|7|143|177:	1.0000|-1.0000|2.0000|1.0000|-1.0000
	AGTGCTT|7|207|233:	-1.0000|1.0000|-2.0000|-1.0000|-1.0000
	ATGCCAC|7|115|205:	2.0000|-1.0000|2.0000|1.0000|-1.0000
	ATGCCAG|7|115|197:	1.0000|-1.0000|2.0000|1.0000|-1.0000
	ATGGCCC|7|243|253:	1.0000|-1.0000|2.0000|1.0000|1.0000
	ATGTGCA|7|51|113:	-2.0000|1.0000|1.0000|-1.0000|-1.0000
	CGATGCC|7|46|128:	-1.0000|1.0000|-1.0000|-1.0000|-2.0000
	CGCCTTC|7|94|176:	1.0000|-1.0000|2.0000|1.0000|-1.0000
	CGCGCTA|7|222|228:	1.0000|-1.0000|1.0000|1.0000|2.0000
	CGTTGTC|7|14|112:	2.0000|-1.0000|1.0000|1.0000|1.0000
	CTCGCGA|7|210|212:	-2.0000|1.0000|-1.0000|-1.0000|-1.0000
	CTGCGCC|7|114|128:	1.0000|-1.0000|1.0000|2.0000|-1.0000
	CTGGCCA|7|242|244:	-1.0000|-1.0000|1.0000|2.0000|1.0000
	CTTACAG|7|130|200:	1.0000|1.0000|-2.0000|-1.0000|-1.0000
	CTTATGG|7|130|152:	2.0000|-1.0000|-1.0000|1.0000|1.0000
	GAACGCC|7|108|126:	-1.0000|1.0000|-2.0000|-1.0000|-1.0000
	GACCTCC|7|92|190:	-2.0000|1.0000|-1.0000|-1.0000|-1.0000
	GACCTGG|7|92|150:	-1.0000|1.0000|1.0000|-2.0000|-1.0000
	GAGCTGG|7|124|150:	-1.0000|1.0000|-2.0000|-1.0000|-1.0000
	GATTGGG|7|12|86:	-2.0000|1.0000|-1.0000|-1.0000|-1.0000
	GCAACAC|7|168|206:	-2.0000|1.0000|-2.0000|-1.0000|-1.0000
	GCACCAT|7|104|202:	-1.0000|-1.0000|2.0000|1.0000|1.0000
	GCGCCCG|7|120|246:	-1.0000|1.0000|-2.0000|-1.0000|-1.0000
	GCTCGTT|7|72|106:	1.0000|1.0000|1.0000|-2.0000|-1.0000
	GGACCGA|7|112|210:	2.0000|-1.0000|-1.0000|1.0000|1.0000
	GGCGCCG|7|224|246:	1.0000|-1.0000|2.0000|1.0000|1.0000
	GGTTTAG|7|16|134:	1.0000|-1.0000|1.0000|1.0000|2.0000
	GTAGCCC|7|228|254:	2.0000|-1.0000|-1.0000|1.0000|1.0000
	GTCATGT|7|148|154:	-1.0000|-1.0000|2.0000|1.0000|1.0000
	GTCTCCT|7|20|250:	-2.0000|1.0000|-1.0000|-1.0000|-1.0000
	TATTTAA|7|9|131:	1.0000|1.0000|1.0000|-2.0000|-1.0000
	TCCCTGT|7|85|155:	-1.0000|1.0000|-2.0000|-1.0000|-1.0000
	TCGACCT|7|181|251:	-1.0000|1.0000|-2.0000|-1.0000|-1.0000
	TGCCCTA|7|93|227:	-1.0000|-1.0000|2.0000|1.0000|1.0000
	TGGCCGA|7|125|211:	-1.0000|1.0000|-2.0000|-1.0000|-1.0000
	TGGCCTG|7|125|231:	-1.0000|1.0000|-2.0000|-1.0000|-1.0000
	TGGCCTT|7|125|235:	-1.0000|1.0000|-2.0000|-1.0000|-1.0000
	TTGTCCG|7|49|247:	1.0000|-1.0000|2.0000|1.0000|-1.0000
	CCACTG|6|38|58:	-1.0000|1.0000|-2.0000|-1.0000|1.0000
	CGCGCC|6|30|32:	1.0000|-1.0000|2.0000|2.0000|-1.0000
	GGCTGA|6|32|37:	-1.0000|1.0000|-2.0000|-1.0000|1.0000
	GGCTTT|6|32|43:	-1.0000|1.0000|-2.0000|-1.0000|1.0000
	ATGCTGC|7|115|157:	-1.0000|1.0000|-2.0000|-1.0000|1.0000
	CGACCGA|7|110|212:	-1.0000|1.0000|-2.0000|-1.0000|1.0000
	GGACTGC|7|112|158:	-1.0000|1.0000|-2.0000|-1.0000|1.0000
	GGACTTA|7|112|162:	-1.0000|1.0000|-2.0000|-1.0000|1.0000
	TCGTCTA|7|53|227:	-1.0000|1.0000|-1.0000|-2.0000|-1.0000
	TGACTCA|7|109|179:	-1.0000|1.0000|-2.0000|-1.0000|1.0000
	GTCG|4|4|14:	1.0000|-1.0000|1.0000|1.0000|1.0000
	TACG|4|9|14:	-1.0000|1.0000|1.0000|-1.0000|-1.0000
	TGCG|4|13|14:	1.0000|-1.0000|1.0000|1.0000|1.0000
	AAACC|5|43|61:	-1.0000|-1.0000|1.0000|1.0000|1.0000
	AGCCG|5|31|53:	-1.0000|1.0000|-1.0000|-1.0000|1.0000
	CAACG|5|42|56:	1.0000|1.0000|-1.0000|-1.0000|-1.0000
	CCTCA|5|6|52:	-1.0000|1.0000|-1.0000|-1.0000|-1.0000
	CCTCT|5|6|60:	-1.0000|1.0000|-1.0000|-1.0000|-1.0000
	CGGCC|5|62|64:	1.0000|-1.0000|1.0000|1.0000|-1.0000
	CTGCC|5|50|64:	1.0000|-1.0000|1.0000|1.0000|1.0000
	CTTCT|5|2|60:	-1.0000|1.0000|1.0000|-1.0000|-1.0000
	GAATC|5|44|46:	1.0000|-1.0000|1.0000|1.0000|1.0000
	GACTG|5|28|38:	-1.0000|-1.0000|1.0000|1.0000|1.0000
	GCATC|5|40|46:	-1.0000|1.0000|-1.0000|-1.0000|-1.0000
	GTACA|5|36|50:	-1.0000|1.0000|-1.0000|-1.0000|-1.0000
	GTACG|5|36|54:	1.0000|-1.0000|1.0000|1.0000|1.0000
	GTCTG|5|20|38:	-1.0000|1.0000|-1.0000|-1.0000|1.0000
	TCCTG|5|21|39:	1.0000|1.0000|-1.0000|-1.0000|-1.0000
	TTATT|5|33|43:	1.0000|1.0000|-1.0000|-1.0000|-1.0000
	AAACCC|6|43|64:	-1.0000|1.0000|-1.0000|-1.0000|1.0000
	AAACTA|6|43|57:	1.0000|1.0000|-1.0000|-1.0000|-1.0000
	AACTAC|6|27|36:	-1.0000|-1.0000|1.0000|1.0000|1.0000
	AACTCA|6|27|45:	-1.0000|-1.0000|1.0000|1.0000|1.0000
	AACTGA|6|27|37:	-1.0000|-1.0000|1.0000|1.0000|1.0000
	AATCGA|6|11|53:	1.0000|1.0000|-1.0000|-1.0000|-1.0000
	ACACAC|6|39|52:	1.0000|-1.0000|1.0000|1.0000|1.0000
	ACATCT|6|39|47:	-1.0000|1.0000|1.0000|-1.0000|-1.0000
	ACGCCG|6|55|62:	1.0000|-1.0000|1.0000|1.0000|1.0000
	ACTACA|6|7|13:	-1.0000|1.0000|-1.0000|-1.0000|-1.0000
	ACTCGA|6|7|53:	-1.0000|-1.0000|1.0000|1.0000|1.0000
	AGACAC|6|47|52:	1.0000|-1.0000|1.0000|1.0000|-1.0000

==============================
Split: root.1.3: 0 | 1 | 2 | 3
	GAATGCT|7|44|122:	1.2000|-1.5556|-2.0000|0.8182
	CGTTGAA|7|14|68:	-1.4000|-1.7778|-1.2000|1.0000
	ATGTCCC|7|51|253:	-1.4000|-1.1111|-1.6000|1.0000
	CCCCTGG|7|86|152:	-1.4000|-2.0000|-2.0000|0.8182
	GACCGTG|7|92|102:	-0.8000|-1.1111|1.2000|1.0909
	GCCCTGT|7|88|154:	1.0000|-1.1111|1.2000|-0.8182
	ACACTTG|7|103|165:	-1.0000|-2.0000|-2.0000|1.6364
	AGATTTC|7|47|173:	0.8000|-1.5556|-2.0000|1.6364
	CATGCTC|7|202|240:	-1.6000|-1.3333|-2.0000|1.0000
	TTGTACG|7|49|55:	-1.4000|-1.5556|-2.0000|1.4545
	TCCTCA|6|21|45:	0.8000|2.0000|1.0000|-0.8182
	CGACCTC|7|110|240:	-0.8000|-1.7778|-1.4000|1.0000
	CCATCCT|7|38|252:	1.2000|1.5556|1.2000|-1.3636
	CCTGA|5|6|20:	-0.8000|-1.5556|-1.0000|0.8182
	ACCTCAA|7|23|193:	-1.6000|-2.0000|-2.0000|1.2727
	TCTTCTT|7|5|235:	-1.2000|-1.0000|-1.0000|0.8182
	CCTGCGA|7|198|212:	-1.8000|-1.3333|-2.0000|1.0909
	CCGTTAA|7|54|132:	1.2000|-1.5556|-1.4000|0.8182
	ACCTTGC|7|23|157:	0.8000|-1.5556|-1.2000|1.4545
	CACTGA|6|26|37:	-0.8000|-1.3333|-1.0000|0.8182
	TGCTCGC|7|29|223:	-0.8000|-1.5556|-2.0000|0.9091
	ATATCCC|7|35|253:	1.2000|1.5556|1.8000|-1.2727
	TCTCGAG|7|69|71:	1.2000|-1.3333|-0.8000|1.0909
	GGAACCC|7|176|254:	-1.4000|-1.1111|-1.6000|1.4545
	GCAACTT|7|168|234:	-1.0000|-1.1111|-1.2000|1.7273
	TACTATT|7|25|43:	0.8000|-1.5556|-2.0000|1.0909
	AATCGTG|7|75|101:	0.8000|-1.2222|-1.6000|1.4545
	ATATTAA|7|35|129:	1.0000|1.1111|1.2000|-0.8182
	CGAACAA|7|174|196:	-1.6000|-1.5556|-1.6000|1.0909
	CCGTCGA|7|54|212:	-1.2000|-1.3333|-1.2000|0.9091
	GTGTCTT|7|52|234:	0.8000|-1.5556|-1.2000|1.3636
	GCCCCTA|7|88|226:	1.0000|-1.3333|-1.4000|1.0909
	CCCCCGA|7|86|212:	-1.0000|-1.0000|-1.0000|1.2727
	TCATCAC|7|37|207:	1.0000|1.4444|1.8000|-0.9091
	GACCCGG|7|92|214:	-1.2000|-1.7778|-1.8000|1.5455
	TCTGCTC|7|197|239:	-1.8000|-1.3333|-1.6000|1.2727
	ACCACGA|7|151|209:	-0.8000|-1.1111|-0.8000|1.0909
	AGTTCTA|7|15|225:	-1.2000|-0.8889|1.0000|0.8182
	AAAATCG|7|171|181:	-1.2000|-1.3333|-1.8000|1.0909
	CGTGCCG|7|206|248:	-1.6000|-1.7778|-2.0000|0.9091
	GCAACTA|7|168|226:	-1.8000|-1.1111|-0.8000|0.8182
	GCAACAG|7|168|198:	1.0000|-1.3333|-1.6000|1.4545
	GCGTGCT|7|56|122:	0.8000|-1.1111|-0.8000|0.9091
	ACCTTCG|7|23|181:	-0.8000|-0.8889|1.4000|0.9091

==============================
Split: root.1.3.1: Candidatus_Curculioniphilus | Candidatus_Gullanella | Candidatus_Ishikawaella | Candidatus_Mikella | Candidatus_Tachikawaea
	ATTATG|6|3|10:	-1.0000|-1.0000|1.0000|2.0000|-2.0000
	ATTCCT|6|3|63:	1.0000|2.0000|-2.0000|-1.0000|-1.0000
	AAACCGC|7|107|221:	2.0000|1.0000|-1.0000|-2.0000|-2.0000
	AAATACG|7|43|53:	-1.0000|-2.0000|1.0000|1.0000|2.0000
	AAATGGC|7|43|93:	-1.0000|-1.0000|1.0000|2.0000|-2.0000
	AAATTGC|7|43|157:	1.0000|1.0000|2.0000|-1.0000|-2.0000
	AACATTG|7|155|165:	2.0000|1.0000|2.0000|-1.0000|-2.0000
	AACCCCA|7|91|241:	2.0000|1.0000|1.0000|-2.0000|-1.0000
	AACCCTT|7|91|233:	-1.0000|-2.0000|-2.0000|2.0000|1.0000
	AACCGTA|7|91|97:	1.0000|-1.0000|-2.0000|2.0000|-2.0000
	AACCTTT|7|91|169:	-1.0000|-1.0000|-2.0000|1.0000|2.0000
	AACTCTA|7|27|225:	-1.0000|-2.0000|1.0000|-1.0000|2.0000
	AAGCTAA|7|123|129:	1.0000|1.0000|-1.0000|-2.0000|2.0000
	AAGCTCC|7|123|189:	-1.0000|1.0000|-1.0000|2.0000|-2.0000
	AAGTCAC|7|59|205:	-1.0000|1.0000|1.0000|2.0000|-2.0000
	AAGTGGA|7|59|81:	1.0000|2.0000|2.0000|-1.0000|-2.0000
	AAGTTAA|7|59|129:	-1.0000|2.0000|1.0000|-2.0000|2.0000
	AATACCC|7|139|253:	-1.0000|2.0000|1.0000|-2.0000|-2.0000
	AATCCAC|7|75|205:	2.0000|2.0000|1.0000|-1.0000|-2.0000
	AATCCAT|7|75|201:	-1.0000|2.0000|-2.0000|1.0000|-2.0000
	AATCCTC|7|75|237:	2.0000|2.0000|1.0000|-1.0000|-2.0000
	ACATCGT|7|39|217:	1.0000|2.0000|1.0000|-1.0000|-2.0000
	ACCATCC|7|151|189:	1.0000|-2.0000|-2.0000|2.0000|-1.0000
	ACCATCG|7|151|181:	1.0000|1.0000|2.0000|-2.0000|-1.0000
	ACCATGT|7|151|153:	2.0000|-1.0000|1.0000|-2.0000|2.0000
	ACCCCGG|7|87|213:	1.0000|1.0000|2.0000|-1.0000|-2.0000
	ACCCTAT|7|87|137:	-1.0000|-1.0000|1.0000|-2.0000|2.0000
	ACCCTGA|7|87|145:	-1.0000|-1.0000|1.0000|-2.0000|2.0000
	ACCCTTA|7|87|161:	-2.0000|-2.0000|-1.0000|1.0000|2.0000
	ACCTATA|7|23|33:	-1.0000|-2.0000|-1.0000|1.0000|2.0000
	ACCTGGT|7|23|89:	2.0000|1.0000|1.0000|-1.0000|-2.0000
	ACGCCCA|7|119|241:	2.0000|2.0000|1.0000|-2.0000|-1.0000
	ACGCCTC|7|119|237:	1.0000|-1.0000|-1.0000|-2.0000|2.0000
	ACGCCTT|7|119|233:	2.0000|2.0000|1.0000|-1.0000|-2.0000
	ACGTCAC|7|55|205:	2.0000|1.0000|2.0000|-1.0000|-2.0000
	ACTACGC|7|135|221:	-2.0000|-1.0000|-1.0000|1.0000|2.0000
	ACTATGT|7|135|153:	2.0000|1.0000|2.0000|-2.0000|-1.0000
	ACTATTA|7|135|161:	2.0000|1.0000|-1.0000|-2.0000|2.0000
	ACTCTCA|7|71|177:	-2.0000|-2.0000|-1.0000|1.0000|2.0000
	ACTCTTA|7|71|161:	1.0000|2.0000|1.0000|-1.0000|-2.0000
	ACTCTTT|7|71|169:	-1.0000|-2.0000|1.0000|-2.0000|2.0000
	ACTGCCA|7|199|241:	-1.0000|-2.0000|1.0000|-2.0000|2.0000
	ACTTCGC|7|7|221:	1.0000|-1.0000|-1.0000|2.0000|-2.0000
	AGAACAA|7|175|193:	1.0000|-1.0000|1.0000|2.0000|-2.0000
	AGAACCG|7|175|245:	-1.0000|1.0000|2.0000|-1.0000|-2.0000
	AGAACGA|7|175|209:	2.0000|-1.0000|1.0000|-2.0000|-2.0000
	AGAACGT|7|175|217:	2.0000|-1.0000|1.0000|1.0000|-2.0000
	AGAACTC|7|175|237:	-1.0000|1.0000|2.0000|-1.0000|-2.0000
	AGAATCC|7|175|189:	1.0000|1.0000|2.0000|-1.0000|-2.0000
	AGAATCT|7|175|185:	2.0000|-1.0000|1.0000|2.0000|-2.0000
	AGACTGA|7|111|145:	1.0000|2.0000|-1.0000|-2.0000|-1.0000
	AGATGGG|7|47|85:	1.0000|1.0000|-1.0000|-2.0000|2.0000
	AGATTAC|7|47|141:	2.0000|1.0000|2.0000|-1.0000|-2.0000
	AGCACTG|7|159|229:	-2.0000|1.0000|2.0000|-1.0000|-2.0000
	AGCCGTT|7|95|105:	-1.0000|-1.0000|-2.0000|1.0000|2.0000
	AGCCTTT|7|95|169:	-2.0000|-1.0000|-2.0000|1.0000|2.0000
	AGCTGAT|7|31|73:	1.0000|2.0000|-1.0000|-2.0000|1.0000
	AGCTGTA|7|31|97:	-1.0000|1.0000|-2.0000|1.0000|2.0000
	AGCTGTT|7|31|105:	1.0000|2.0000|-2.0000|-1.0000|-2.0000
	AGGTCGA|7|63|209:	1.0000|-2.0000|-1.0000|2.0000|2.0000
	AGGTTGA|7|63|145:	-2.0000|-2.0000|-1.0000|1.0000|2.0000
	AGTACTT|7|143|233:	-1.0000|-2.0000|-2.0000|2.0000|1.0000
	AGTCTAG|7|79|133:	1.0000|-1.0000|2.0000|-2.0000|-2.0000
	ATAATTG|7|163|165:	2.0000|-1.0000|1.0000|-2.0000|1.0000
	ATACCAG|7|99|197:	-1.0000|-2.0000|-2.0000|2.0000|1.0000
	ATACCGA|7|99|209:	-1.0000|-2.0000|1.0000|2.0000|1.0000
	ATACCTA|7|99|225:	2.0000|1.0000|2.0000|-1.0000|-2.0000
	ATACTCA|7|99|177:	1.0000|-1.0000|1.0000|-2.0000|2.0000
	ATACTCT|7|99|185:	1.0000|-1.0000|-1.0000|-2.0000|2.0000
	ATACTGA|7|99|145:	1.0000|-1.0000|1.0000|-2.0000|2.0000
	ATACTGC|7|99|157:	-1.0000|-2.0000|-2.0000|2.0000|1.0000
	ATATCAA|7|35|193:	-1.0000|-2.0000|-1.0000|1.0000|2.0000
	ATATTTT|7|35|169:	1.0000|2.0000|1.0000|-1.0000|-2.0000
	ATCACCG|7|147|245:	1.0000|1.0000|-1.0000|-2.0000|2.0000
	ATCCCCG|7|83|245:	-1.0000|-2.0000|1.0000|2.0000|2.0000
	ATCCCTC|7|83|237:	-1.0000|-2.0000|1.0000|2.0000|-2.0000
	ATCCGCT|7|83|121:	-2.0000|-1.0000|-1.0000|1.0000|2.0000
	ATCCGGT|7|83|89:	-1.0000|-2.0000|-1.0000|1.0000|2.0000
	ATCCTAC|7|83|141:	1.0000|-1.0000|1.0000|2.0000|-2.0000
	ATCCTCC|7|83|189:	1.0000|-1.0000|2.0000|-1.0000|-2.0000
	ATCTCTC|7|19|237:	1.0000|2.0000|1.0000|-1.0000|-2.0000
	ATGTCAA|7|51|193:	2.0000|1.0000|1.0000|-1.0000|-2.0000
	ATGTCCG|7|51|245:	2.0000|-1.0000|1.0000|-1.0000|-2.0000
	ATGTGGA|7|51|81:	1.0000|-1.0000|2.0000|1.0000|-2.0000
	ATGTGTA|7|51|97:	2.0000|1.0000|2.0000|-1.0000|-2.0000
	ATTCTCT|7|67|185:	2.0000|2.0000|1.0000|-1.0000|-2.0000
	ATTCTTT|7|67|169:	-1.0000|1.0000|-1.0000|2.0000|-2.0000
	ATTGCCA|7|195|241:	-1.0000|1.0000|2.0000|-2.0000|-2.0000
	ATTGCTC|7|195|237:	2.0000|-1.0000|1.0000|-2.0000|-1.0000
	ATTGCTG|7|195|229:	2.0000|1.0000|1.0000|-2.0000|-1.0000
	CAAATCA|7|170|180:	2.0000|-1.0000|1.0000|1.0000|-2.0000
	CAAATCG|7|170|184:	-1.0000|1.0000|2.0000|-2.0000|-2.0000
	CAAATCT|7|170|188:	2.0000|-2.0000|-1.0000|1.0000|-2.0000
	CAAATTC|7|170|176:	-2.0000|1.0000|2.0000|-1.0000|-2.0000
	CAACGCA|7|106|116:	2.0000|2.0000|1.0000|-1.0000|-2.0000
	CAACGCT|7|106|124:	1.0000|2.0000|-1.0000|-2.0000|-1.0000
	CAATGAT|7|42|76:	-1.0000|1.0000|-1.0000|2.0000|-2.0000
	CAATTGA|7|42|148:	-1.0000|1.0000|-1.0000|-2.0000|2.0000
	CACACCG|7|154|248:	-1.0000|1.0000|-2.0000|2.0000|1.0000
	CACACGC|7|154|224:	1.0000|2.0000|2.0000|-1.0000|-2.0000

==============================
Split: root.1.3.2: Candidatus_Profftia | Candidatus_Purcelliella | Candidatus_Schneideria | Candidatus_Stammera
	GATCC|5|12|62:	-1.0000|1.0000|2.0000|-2.0000
	AAACAC|6|43|52:	-2.0000|2.0000|1.0000|-1.0000
	AATCTA|6|11|57:	1.0000|-1.0000|2.0000|-2.0000
	ACATGT|6|39|39:	1.0000|-2.0000|2.0000|-1.0000
	ACCTCT|6|23|47:	-1.0000|2.0000|1.0000|-2.0000
	ACTACA|6|7|13:	1.0000|-1.0000|2.0000|-2.0000
	AGTCAC|6|15|52:	1.0000|-2.0000|-1.0000|2.0000
	AGTCTG|6|15|58:	1.0000|-2.0000|-1.0000|2.0000
	ATACGG|6|35|54:	1.0000|2.0000|-1.0000|-2.0000
	ATCCAA|6|19|49:	-1.0000|2.0000|1.0000|-2.0000
	ATCGAT|6|19|19:	-1.0000|2.0000|1.0000|-2.0000
	ATCGGA|6|19|21:	-1.0000|1.0000|2.0000|-2.0000
	ATCTCT|6|19|47:	-1.0000|2.0000|1.0000|-2.0000
	CACGCA|6|26|29:	-1.0000|-2.0000|1.0000|2.0000
	CATTTG|6|10|42:	1.0000|-1.0000|2.0000|-2.0000
	CCCTCC|6|22|48:	1.0000|-2.0000|2.0000|-1.0000
	CCTACG|6|6|14:	1.0000|-1.0000|2.0000|-2.0000
	CGTTAG|6|14|34:	1.0000|2.0000|-1.0000|-2.0000
	CTCCTA|6|18|57:	-1.0000|2.0000|1.0000|-2.0000
	CTCCTC|6|18|60:	1.0000|-1.0000|2.0000|-2.0000
	CTCGAG|6|18|18:	-1.0000|-2.0000|1.0000|2.0000
	CTCGCA|6|18|29:	-2.0000|2.0000|1.0000|-1.0000
	CTTTGA|6|2|37:	1.0000|-1.0000|2.0000|-2.0000
	GATCAA|6|12|49:	-1.0000|-2.0000|1.0000|2.0000
	GATGCG|6|12|30:	-1.0000|2.0000|1.0000|-2.0000
	GATTGG|6|12|38:	-1.0000|2.0000|1.0000|-2.0000
	GCACGT|6|40|55:	1.0000|-1.0000|2.0000|-2.0000
	GCCGCG|6|24|30:	1.0000|-1.0000|2.0000|-2.0000
	GGTCAG|6|16|50:	-1.0000|-2.0000|1.0000|2.0000
	GGTCTC|6|16|60:	-1.0000|-2.0000|1.0000|2.0000
	GGTGCT|6|16|31:	-1.0000|2.0000|1.0000|-2.0000
	GTCCCG|6|20|62:	1.0000|-1.0000|2.0000|-2.0000
	GTCTTG|6|20|42:	-1.0000|-2.0000|1.0000|2.0000
	TACCAC|6|25|52:	-1.0000|-2.0000|1.0000|2.0000
	TACCGC|6|25|56:	1.0000|-1.0000|2.0000|-2.0000
	TACTTC|6|25|44:	-1.0000|-2.0000|1.0000|2.0000
	TATCTG|6|9|58:	1.0000|2.0000|-1.0000|-2.0000
	TCACTG|6|37|58:	1.0000|-2.0000|-1.0000|2.0000
	TCCCAT|6|21|51:	-1.0000|2.0000|1.0000|-2.0000
	TCCCCA|6|21|61:	-1.0000|-2.0000|2.0000|1.0000
	TCCCTT|6|21|59:	1.0000|-2.0000|2.0000|-1.0000
	TCCGGC|6|21|24:	1.0000|-2.0000|2.0000|-1.0000
	TCCTCC|6|21|48:	1.0000|-1.0000|2.0000|-2.0000
	TCCTGG|6|21|38:	1.0000|-2.0000|-1.0000|2.0000
	TGTCCA|6|13|61:	-1.0000|2.0000|1.0000|-2.0000
	TTCTAT|6|17|35:	-1.0000|2.0000|1.0000|-2.0000
	AAAACCG|7|171|245:	-2.0000|2.0000|1.0000|0.0000
	AAAACTC|7|171|237:	-2.0000|2.0000|1.0000|0.0000
	AAACCCC|7|107|253:	-1.0000|2.0000|-2.0000|1.0000
	AACACAG|7|155|197:	1.0000|2.0000|-2.0000|0.0000
	AACACTC|7|155|237:	1.0000|-2.0000|2.0000|0.0000
	AACATCC|7|155|189:	2.0000|-2.0000|-1.0000|0.0000
	AACATCG|7|155|181:	-1.0000|-2.0000|2.0000|0.0000
	AACATTC|7|155|173:	-2.0000|1.0000|2.0000|0.0000
	AACATTT|7|155|169:	-1.0000|-2.0000|2.0000|0.0000
	AAGTCAC|7|59|205:	-1.0000|1.0000|2.0000|-2.0000
	AATGCGC|7|203|221:	-2.0000|1.0000|2.0000|0.0000
	AATTCGA|7|11|209:	-1.0000|1.0000|2.0000|-2.0000
	AATTTTT|7|11|169:	-1.0000|-2.0000|1.0000|2.0000
	ACAACGT|7|167|217:	-2.0000|1.0000|2.0000|0.0000
	ACATCAA|7|39|193:	-1.0000|2.0000|-2.0000|1.0000
	ACATTCG|7|39|181:	1.0000|2.0000|-1.0000|-2.0000
	ACCCCAC|7|87|205:	1.0000|2.0000|-1.0000|-2.0000
	ACCCCAG|7|87|197:	-2.0000|2.0000|1.0000|-1.0000
	ACCCCGG|7|87|213:	1.0000|2.0000|-1.0000|-2.0000
	ACCCCGT|7|87|217:	1.0000|-1.0000|2.0000|-2.0000
	ACCCTTT|7|87|169:	1.0000|2.0000|-1.0000|-2.0000
	ACCTGCA|7|23|113:	1.0000|2.0000|-1.0000|-2.0000
	ACGCCCG|7|119|245:	-1.0000|-2.0000|1.0000|2.0000
	ACGCCGT|7|119|217:	-1.0000|-2.0000|1.0000|2.0000
	ACTCCCC|7|71|253:	1.0000|-2.0000|2.0000|-1.0000
	ACTCTGA|7|71|145:	1.0000|2.0000|-1.0000|-2.0000
	ACTTTAA|7|7|129:	-1.0000|-2.0000|1.0000|2.0000
	AGAACAT|7|175|201:	1.0000|-2.0000|-1.0000|0.0000
	AGAACCT|7|175|249:	1.0000|-2.0000|-1.0000|0.0000
	AGACTCA|7|111|177:	2.0000|-2.0000|-1.0000|1.0000
	AGGTCAG|7|63|197:	1.0000|2.0000|-1.0000|-2.0000
	AGGTTCC|7|63|189:	1.0000|2.0000|-1.0000|-2.0000
	AGTCTTT|7|79|169:	-1.0000|-2.0000|1.0000|2.0000
	AGTTGGT|7|15|89:	-1.0000|1.0000|2.0000|-2.0000
	ATAACTC|7|163|237:	-1.0000|-2.0000|2.0000|0.0000
	ATAACTG|7|163|229:	1.0000|-2.0000|2.0000|0.0000
	ATACCTA|7|99|225:	1.0000|-1.0000|2.0000|-2.0000
	ATACCTG|7|99|229:	1.0000|-1.0000|2.0000|-2.0000
	ATACTGT|7|99|153:	-1.0000|2.0000|1.0000|-2.0000
	ATATCGT|7|35|217:	-1.0000|-2.0000|2.0000|1.0000
	ATCACAC|7|147|205:	-1.0000|2.0000|1.0000|-2.0000
	ATCTCCG|7|19|245:	1.0000|-1.0000|2.0000|-2.0000
	ATGTCTC|7|51|237:	2.0000|-2.0000|-1.0000|1.0000
	ATTCCAG|7|67|197:	1.0000|2.0000|-1.0000|-2.0000
	ATTCGCT|7|67|121:	-1.0000|1.0000|2.0000|-2.0000
	ATTCTCT|7|67|185:	-1.0000|2.0000|1.0000|-2.0000
	ATTCTGA|7|67|145:	1.0000|-1.0000|2.0000|-2.0000
	ATTCTTG|7|67|165:	1.0000|-1.0000|2.0000|-2.0000
	ATTGCAG|7|195|197:	1.0000|-2.0000|-1.0000|0.0000
	ATTGCCG|7|195|245:	1.0000|-2.0000|-1.0000|0.0000
	ATTGCTT|7|195|233:	1.0000|-2.0000|-1.0000|0.0000
	CAAACAA|7|170|196:	-2.0000|2.0000|1.0000|0.0000
	CAAACTA|7|170|228:	-2.0000|2.0000|1.0000|0.0000
	CAACGCT|7|106|124:	1.0000|-1.0000|-2.0000|2.0000

==============================
Split: root.1.3.3: Candidatus_Dasytiphilus | Candidatus_Schneideria | Candidatus_Westeberhardia
	CCTT|4|6|11:	1.0000|-1.0000|-2.0000
	AATCA|5|11|49:	-1.0000|1.0000|-2.0000
	ATGCC|5|51|61:	1.0000|-1.0000|-2.0000
	ATTAT|5|3|9:	1.0000|-1.0000|-2.0000
	ATTCT|5|3|57:	1.0000|-1.0000|-2.0000
	CCATG|5|38|40:	-1.0000|2.0000|-2.0000
	CTACT|5|34|60:	1.0000|-1.0000|-2.0000
	CTTCA|5|2|52:	1.0000|-1.0000|-2.0000
	GATGG|5|12|22:	1.0000|-1.0000|-2.0000
	GCACC|5|40|62:	-1.0000|1.0000|-2.0000
	GTCTG|5|20|38:	-1.0000|1.0000|-2.0000
	TCATG|5|37|39:	1.0000|-1.0000|-2.0000
	TGTCC|5|13|63:	1.0000|-1.0000|-2.0000
	TTGCG|5|49|55:	-1.0000|1.0000|-2.0000
	TTTGT|5|1|27:	1.0000|-1.0000|-2.0000
	AACTGC|6|27|40:	1.0000|-1.0000|-2.0000
	AACTGG|6|27|38:	1.0000|-1.0000|-2.0000
	AATTGG|6|11|38:	-1.0000|1.0000|-2.0000
	ACCCAG|6|23|50:	1.0000|-1.0000|-2.0000
	ACTCAG|6|7|50:	1.0000|-1.0000|-2.0000
	ACTCAT|6|7|51:	1.0000|-1.0000|-2.0000
	AGCGCT|6|31|31:	1.0000|-1.0000|2.0000
	AGTCAC|6|15|52:	1.0000|-1.0000|-2.0000
	AGTGAG|6|15|18:	1.0000|-1.0000|-2.0000
	ATACTC|6|35|60:	-1.0000|1.0000|-2.0000
	ATCGGC|6|19|24:	1.0000|-1.0000|-2.0000
	ATTCCG|6|3|62:	1.0000|-1.0000|-2.0000
	ATTCGG|6|3|54:	1.0000|-1.0000|-2.0000
	ATTGAA|6|3|17:	1.0000|-1.0000|-2.0000
	ATTGAT|6|3|19:	1.0000|-1.0000|-2.0000
	ATTGTA|6|3|25:	1.0000|-1.0000|-2.0000
	CACCGA|6|26|53:	1.0000|-1.0000|-2.0000
	CACGCT|6|26|31:	1.0000|-1.0000|-2.0000
	CACGTG|6|26|26:	1.0000|-1.0000|-2.0000
	CCACAC|6|38|52:	-1.0000|1.0000|-2.0000
	CCATGT|6|38|39:	1.0000|-1.0000|-2.0000
	CCCCGG|6|22|54:	1.0000|-1.0000|-2.0000
	CCCCTA|6|22|57:	-1.0000|1.0000|-2.0000
	CCCGTT|6|22|27:	-1.0000|1.0000|-2.0000
	CCGCCC|6|54|64:	-1.0000|1.0000|-2.0000
	CCTCAT|6|6|51:	-1.0000|1.0000|2.0000
	CCTCCT|6|6|63:	1.0000|-1.0000|2.0000
	CTACAT|6|34|51:	-1.0000|1.0000|-2.0000
	CTCCCA|6|18|61:	1.0000|-1.0000|-2.0000
	CTCCCT|6|18|63:	1.0000|-1.0000|-2.0000
	CTCGCA|6|18|29:	-1.0000|1.0000|-2.0000
	CTCTAG|6|18|34:	1.0000|-1.0000|-2.0000
	CTGCAC|6|50|52:	1.0000|-1.0000|-2.0000
	CTGCGG|6|50|54:	1.0000|-1.0000|-2.0000
	CTTCAG|6|2|50:	1.0000|-1.0000|-2.0000
	CTTCGC|6|2|56:	1.0000|-1.0000|-2.0000
	GAACCA|6|44|61:	1.0000|-1.0000|-2.0000
	GAACTC|6|44|60:	1.0000|-1.0000|-2.0000
	GATACT|6|12|15:	1.0000|-1.0000|-2.0000
	GATCTT|6|12|59:	1.0000|-1.0000|-2.0000
	GATGGA|6|12|21:	1.0000|-1.0000|-2.0000
	GATGGT|6|12|23:	1.0000|-1.0000|-2.0000
	GCACGA|6|40|53:	1.0000|-1.0000|-2.0000
	GCCGCT|6|24|31:	1.0000|-1.0000|-2.0000
	GCCGTC|6|24|28:	-1.0000|1.0000|-2.0000
	GCCTCT|6|24|47:	1.0000|-1.0000|-2.0000
	GCCTGT|6|24|39:	1.0000|-1.0000|-2.0000
	GCTCGA|6|8|53:	1.0000|-1.0000|-2.0000
	GGCTAA|6|32|33:	1.0000|-1.0000|-2.0000
	GGCTGA|6|32|37:	1.0000|-1.0000|-2.0000
	GTACGA|6|36|53:	1.0000|-1.0000|-2.0000
	GTATGG|6|36|38:	1.0000|-1.0000|-2.0000
	TAACAA|6|41|49:	-1.0000|1.0000|-2.0000
	TCCGCC|6|21|32:	-1.0000|2.0000|-2.0000
	TCTACG|6|5|14:	1.0000|-1.0000|-2.0000
	TCTGAA|6|5|17:	1.0000|-1.0000|-2.0000
	TCTGCT|6|5|31:	1.0000|-1.0000|-2.0000
	TCTTTA|6|5|41:	1.0000|-1.0000|-2.0000
	TGACGA|6|45|53:	1.0000|-1.0000|-2.0000
	TGTCAG|6|13|50:	1.0000|-1.0000|-2.0000
	TGTCGT|6|13|55:	1.0000|-1.0000|2.0000
	TTGCCT|6|49|63:	-1.0000|1.0000|-2.0000
	AAAACCG|7|171|245:	-1.0000|1.0000|-2.0000
	AAACCTC|7|107|237:	1.0000|-2.0000|2.0000
	AAACCTT|7|107|233:	-2.0000|2.0000|-1.0000
	AAATACC|7|43|61:	2.0000|-1.0000|-2.0000
	AAATGAA|7|43|65:	-2.0000|1.0000|2.0000
	AAATGAC|7|43|77:	2.0000|-2.0000|-1.0000
	AAATGAG|7|43|69:	2.0000|-2.0000|-1.0000
	AAATGAT|7|43|73:	-2.0000|1.0000|2.0000
	AAATGCA|7|43|113:	2.0000|-1.0000|-2.0000
	AACACAT|7|155|201:	-1.0000|2.0000|-2.0000
	AACACCT|7|155|249:	2.0000|-1.0000|-2.0000
	AACACTT|7|155|233:	-2.0000|2.0000|-1.0000
	AACATTA|7|155|161:	-2.0000|1.0000|2.0000
	AACCGTC|7|91|109:	1.0000|-1.0000|-2.0000
	AACCTAC|7|91|141:	1.0000|-1.0000|-2.0000
	AACTAGC|7|27|29:	1.0000|-1.0000|-2.0000
	AACTATG|7|27|37:	1.0000|-1.0000|-2.0000
	AACTCAG|7|27|197:	-2.0000|2.0000|-1.0000
	AACTCCG|7|27|245:	2.0000|-1.0000|-2.0000
	AACTCCT|7|27|249:	1.0000|-1.0000|-2.0000
	AACTCGT|7|27|217:	2.0000|-1.0000|-2.0000
	AACTGCC|7|27|125:	-1.0000|1.0000|-2.0000
	AACTTAA|7|27|129:	2.0000|-1.0000|-2.0000

==============================
Split: root.1.3.4: Blochmannia | Candidatus_Blochmannia | Candidatus_Blochmanniella | Candidatus_Riesia
	CTGATCC|7|178|192:	1.0000|2.0000|-1.0000|-2.0000
	GACTACA|7|28|50:	2.0000|1.0000|-1.0000|-2.0000
	GACTTAG|7|28|134:	2.0000|1.0000|-1.0000|-2.0000
	GATTGCA|7|12|114:	2.0000|1.0000|-1.0000|-2.0000
	GTCTGAC|7|20|78:	2.0000|1.0000|-1.0000|-2.0000
	AATTAGG|7|11|21:	-1.0000|-2.0000|1.0000|-2.0000
	CACATCA|7|154|180:	-2.0000|-1.0000|1.0000|-2.0000
	CATTCAC|7|10|208:	-1.0000|-2.0000|1.0000|-1.0000
	TATCC|5|9|63:	-1.0000|-1.0000|1.0000|-2.0000
	ACATCT|6|39|47:	-1.0000|-1.0000|1.0000|-2.0000
	ACGCGC|6|55|56:	-1.0000|-1.0000|1.0000|-2.0000
	CAACAG|6|42|50:	-1.0000|-1.0000|1.0000|-2.0000
	CAACCC|6|42|64:	-1.0000|-1.0000|1.0000|-2.0000
	CCACCC|6|38|64:	-1.0000|-1.0000|1.0000|-2.0000
	CCCGTA|6|22|25:	-1.0000|-1.0000|1.0000|-2.0000
	CCTATG|6|6|10:	-1.0000|-1.0000|1.0000|-2.0000
	CGTGGA|6|14|21:	-1.0000|-1.0000|1.0000|-2.0000
	GACGCT|6|28|31:	-1.0000|-1.0000|1.0000|-2.0000
	TTGCCC|6|49|64:	-1.0000|-1.0000|1.0000|-2.0000
	AAATACC|7|43|61:	-1.0000|-1.0000|1.0000|-2.0000
	AAATGGC|7|43|93:	-1.0000|-1.0000|1.0000|-2.0000
	AACCCCG|7|91|245:	-1.0000|-1.0000|1.0000|-2.0000
	AACTGGC|7|27|93:	-1.0000|-1.0000|1.0000|-2.0000
	AATACCT|7|139|249:	-1.0000|-1.0000|1.0000|-2.0000
	AATGCGG|7|203|213:	-1.0000|-1.0000|1.0000|-2.0000
	ACAATCA|7|167|177:	-1.0000|-1.0000|1.0000|-2.0000
	ACAATTT|7|167|169:	-1.0000|-1.0000|1.0000|-2.0000
	ACACTAG|7|103|133:	-1.0000|-1.0000|1.0000|-2.0000
	ACCCGGT|7|87|89:	-1.0000|-1.0000|1.0000|-2.0000
	ACTTCCC|7|7|253:	-1.0000|-1.0000|1.0000|-2.0000
	AGTGCTG|7|207|229:	-1.0000|-1.0000|1.0000|-2.0000
	ATCCGTG|7|83|101:	-1.0000|-1.0000|1.0000|-2.0000
	CACACTC|7|154|240:	-1.0000|-1.0000|1.0000|-2.0000
	CATTTAG|7|10|136:	-1.0000|-1.0000|1.0000|-2.0000
	CCAACTA|7|166|228:	-1.0000|-1.0000|1.0000|-2.0000
	CCAGCCA|7|230|244:	-1.0000|-1.0000|1.0000|-2.0000
	CCCGCGT|7|214|220:	-1.0000|-1.0000|1.0000|-2.0000
	CCTATTC|7|134|176:	-1.0000|-1.0000|1.0000|-2.0000
	CCTTACC|7|6|64:	-1.0000|-1.0000|1.0000|-2.0000
	CGAACGT|7|174|220:	-1.0000|-1.0000|1.0000|-2.0000
	CGACCGT|7|110|220:	-1.0000|-1.0000|1.0000|-2.0000
	CGATGAA|7|46|68:	-1.0000|-1.0000|1.0000|-2.0000
	CGATGGC|7|46|96:	-1.0000|-1.0000|1.0000|-2.0000
	CTAACTG|7|162|232:	-1.0000|-1.0000|1.0000|-2.0000
	CTAGCTA|7|226|228:	-1.0000|-1.0000|1.0000|-2.0000
	GATGCCT|7|204|250:	-1.0000|-1.0000|1.0000|-2.0000
	GGAACGG|7|176|214:	-1.0000|-1.0000|1.0000|-2.0000
	GGATGGG|7|48|86:	-1.0000|-1.0000|1.0000|-2.0000
	GTAACCA|7|164|242:	-1.0000|-1.0000|1.0000|-2.0000
	GTCGCGT|7|212|218:	-1.0000|-1.0000|1.0000|-2.0000
	GTTCGAT|7|68|74:	-1.0000|-1.0000|1.0000|-2.0000
	GTTTCTG|7|4|230:	-1.0000|-1.0000|1.0000|-2.0000
	GTTTTCT|7|4|186:	-1.0000|-1.0000|1.0000|-2.0000
	TATCCAA|7|73|195:	-1.0000|-1.0000|1.0000|-2.0000
	TCAACAA|7|165|195:	-1.0000|-1.0000|1.0000|-2.0000
	TCAACAG|7|165|199:	-1.0000|-1.0000|1.0000|-2.0000
	TCAACTA|7|165|227:	-1.0000|-1.0000|1.0000|-2.0000
	TCACTTC|7|101|175:	-1.0000|-1.0000|1.0000|-2.0000
	TCAGCCG|7|229|247:	-1.0000|-1.0000|1.0000|-2.0000
	TCCCCGG|7|85|215:	-1.0000|-1.0000|1.0000|-2.0000
	TGTATTA|7|141|163:	-1.0000|-1.0000|1.0000|-2.0000
	TGTGCTC|7|205|239:	-1.0000|-1.0000|1.0000|-2.0000
	TTCATTG|7|145|167:	-1.0000|-1.0000|1.0000|-2.0000
	TTCGCGC|7|209|223:	-1.0000|-1.0000|1.0000|-2.0000
	TTTGCCG|7|193|247:	-1.0000|-1.0000|1.0000|-2.0000
	TTTTCTG|7|1|231:	-1.0000|-1.0000|1.0000|-2.0000
	AACA|4|11|13:	1.0000|1.0000|-1.0000|-2.0000
	CTCC|4|2|16:	1.0000|1.0000|-1.0000|-2.0000
	AGCCA|5|31|49:	1.0000|1.0000|-1.0000|-2.0000
	CCTCT|5|6|60:	1.0000|1.0000|-1.0000|-2.0000
	GACCA|5|28|50:	1.0000|1.0000|-1.0000|-2.0000
	TCATG|5|37|39:	1.0000|1.0000|-1.0000|-2.0000
	AACCGT|6|27|55:	1.0000|1.0000|-1.0000|-2.0000
	AATCTC|6|11|60:	1.0000|1.0000|-1.0000|2.0000
	ACCGCA|6|23|29:	-1.0000|-1.0000|1.0000|2.0000
	ACCTAC|6|23|36:	1.0000|-1.0000|-1.0000|2.0000
	ACTGAG|6|7|18:	1.0000|1.0000|-1.0000|-2.0000
	ACTTCC|6|7|48:	1.0000|1.0000|-1.0000|-2.0000
	AGTGAG|6|15|18:	1.0000|1.0000|-1.0000|-2.0000
	AGTGTC|6|15|28:	1.0000|-1.0000|-1.0000|2.0000
	ATACAT|6|35|51:	1.0000|1.0000|-1.0000|-2.0000
	ATCCGG|6|19|54:	1.0000|1.0000|-1.0000|-2.0000
	ATCCTA|6|19|57:	1.0000|-1.0000|1.0000|-2.0000
	ATCGTC|6|19|28:	1.0000|-1.0000|1.0000|-2.0000
	ATCTAC|6|19|36:	1.0000|-1.0000|1.0000|-2.0000
	CAACGC|6|42|56:	1.0000|1.0000|-1.0000|-2.0000
	CACCGG|6|26|54:	1.0000|-1.0000|1.0000|-2.0000
	CACGCA|6|26|29:	1.0000|1.0000|-1.0000|-2.0000
	CCATCA|6|38|45:	-1.0000|1.0000|-1.0000|2.0000
	CCCTAC|6|22|36:	-1.0000|1.0000|1.0000|-2.0000
	CCTATC|6|6|12:	1.0000|1.0000|-1.0000|-2.0000
	CCTCCT|6|6|63:	1.0000|1.0000|-1.0000|-2.0000
	CGTCAA|6|14|49:	1.0000|1.0000|-1.0000|-2.0000
	CGTCCC|6|14|64:	1.0000|1.0000|-1.0000|-2.0000
	CTACAG|6|34|50:	1.0000|-1.0000|1.0000|-2.0000
	CTCGAG|6|18|18:	-1.0000|-1.0000|1.0000|2.0000
	CTTCAG|6|2|50:	1.0000|1.0000|-1.0000|-2.0000
	GATCAA|6|12|49:	1.0000|-1.0000|1.0000|-2.0000
	GATTTT|6|12|43:	-1.0000|-1.0000|1.0000|2.0000
	GCCGTA|6|24|25:	1.0000|1.0000|-1.0000|2.0000

==============================
Split: root.1.4: 0 | 1
	CTTACGT|7|130|220:	0.9761|-1.7603
	ACGACCC|7|183|253:	-0.9258|1.8182
	TGCTGGA|7|29|83:	0.9426|-1.0496
	TTGCTAC|7|113|143:	0.9426|-1.0496
	CTGATCA|7|178|180:	-0.9426|1.0331
	GCACCGC|7|104|222:	0.9330|-1.0083
	TATTAAC|7|9|15:	-0.9282|0.9835
	TATTATA|7|9|35:	-0.9211|1.0413
	GATGGC|6|12|24:	-0.9091|1.0083
	CGAACCC|7|174|256:	-0.9043|1.0413
	ACTGAT|6|7|19:	0.8995|-1.0000
	TCTTGAT|7|5|75:	-0.8995|1.0000
	TGACGCC|7|109|127:	0.8947|-1.0331
	CTTACT|6|2|15:	-0.9139|0.9339
	TACGCTA|7|217|227:	-0.9139|0.9339
	TACTTTA|7|25|163:	0.9139|-0.9421
	ATTTCAC|7|3|205:	-0.9091|0.9174
	ATACGTT|7|99|105:	-0.8947|0.9339
	CATGCTA|7|202|228:	-0.8947|0.9339
	ATACTAG|7|99|133:	-0.8923|0.9091
	CAAACGA|7|170|212:	-0.8923|0.9174
	ACCACAG|7|151|197:	0.8900|-0.9174
	ATCTGCG|7|19|117:	-0.8900|0.9256

==============================
Split: root.1.4.1: Atlantibacter | Cedecea | Dryocola | Enterobacter | Kluyvera | Kosakonia | Plesiomonas | Pseudocitrobacter | Scandinavium | Superficieibacter | Trabulsiella | Yokenella
	AGCTCCC|7|31|253:	1.0000|1.0000|1.0000|-1.0000|1.0000|2.0000|2.0000|1.0000|1.0000|-1.0000|1.0000|1.0000
	CAGCCAG|7|122|200:	-1.0000|-1.0000|-1.0000|1.0000|-1.0000|-2.0000|-2.0000|-2.0000|-1.0000|-1.0000|-1.0000|-1.0000
	CCTGCTC|7|198|240:	-1.0000|1.0000|-1.0000|1.0000|-2.0000|-2.0000|-2.0000|-1.0000|-1.0000|-1.0000|-1.0000|-1.0000
	CGGACCG|7|190|248:	1.0000|-1.0000|1.0000|1.0000|-1.0000|-2.0000|-2.0000|-2.0000|-1.0000|1.0000|-1.0000|-1.0000
	TAGCCCC|7|121|255:	-1.0000|-1.0000|-1.0000|1.0000|-1.0000|-2.0000|-1.0000|-1.0000|-1.0000|-1.0000|-1.0000|-1.0000
	GGCTCA|6|32|45:	-1.0000|-1.0000|-1.0000|1.0000|-1.0000|-2.0000|-2.0000|-1.0000|-1.0000|-1.0000|-1.0000|-1.0000
	AACTGTT|7|27|105:	2.0000|-1.0000|1.0000|-1.0000|1.0000|2.0000|2.0000|2.0000|2.0000|1.0000|2.0000|1.0000
	CCGTGTA|7|54|100:	1.0000|1.0000|1.0000|-1.0000|1.0000|2.0000|2.0000|1.0000|1.0000|1.0000|1.0000|1.0000
	CTCCCAA|7|82|196:	-2.0000|1.0000|-1.0000|1.0000|-2.0000|-2.0000|-2.0000|-2.0000|-1.0000|-2.0000|-2.0000|-1.0000
	GCGTTTT|7|56|170:	1.0000|1.0000|1.0000|-1.0000|1.0000|2.0000|2.0000|1.0000|1.0000|1.0000|1.0000|1.0000
	GGGCTCA|7|128|178:	-1.0000|-1.0000|-1.0000|1.0000|-1.0000|-2.0000|-2.0000|-2.0000|-1.0000|1.0000|-1.0000|-1.0000
	GTCATTG|7|148|166:	2.0000|-1.0000|-1.0000|-1.0000|2.0000|2.0000|2.0000|1.0000|1.0000|-1.0000|1.0000|1.0000
	TGCTTCA|7|29|179:	-1.0000|-1.0000|-1.0000|1.0000|-1.0000|-2.0000|-1.0000|-2.0000|-1.0000|1.0000|1.0000|-1.0000
	TGGCCTC|7|125|239:	-1.0000|-1.0000|1.0000|1.0000|-1.0000|-2.0000|-2.0000|-1.0000|1.0000|1.0000|-1.0000|-1.0000
	CACTTTG|7|26|168:	-1.0000|-1.0000|-1.0000|1.0000|-1.0000|-2.0000|-2.0000|-2.0000|-2.0000|-1.0000|-1.0000|-1.0000
	GGTTTGC|7|16|158:	1.0000|-1.0000|-1.0000|1.0000|-1.0000|-2.0000|-2.0000|-2.0000|-1.0000|-1.0000|1.0000|1.0000
	GTGCTTA|7|116|162:	-1.0000|-1.0000|-1.0000|1.0000|-2.0000|-2.0000|-2.0000|-2.0000|-1.0000|-1.0000|-1.0000|-1.0000
	TGGCGCC|7|125|127:	-1.0000|-1.0000|1.0000|1.0000|-1.0000|-2.0000|-2.0000|-1.0000|-1.0000|-1.0000|1.0000|-1.0000
	CCGCTC|6|54|60:	-2.0000|-1.0000|-1.0000|1.0000|-1.0000|-2.0000|-2.0000|-1.0000|-1.0000|-1.0000|-1.0000|-1.0000
	CTCTTAT|7|18|140:	1.0000|2.0000|1.0000|-1.0000|2.0000|2.0000|2.0000|1.0000|1.0000|-1.0000|1.0000|1.0000
	GTCGCTA|7|212|226:	-2.0000|-1.0000|-1.0000|1.0000|-1.0000|-2.0000|-2.0000|-1.0000|-1.0000|-1.0000|-1.0000|-1.0000

==============================
Split: root.1.4.2: Buttiauxella | Jejubacter | Klebsiella | Leclercia | Pluralibacter | Pseudescherichia | Raoultella | Shimwellia | Siccibacter
	GAGATCC|7|188|190:	2.0000|1.0000|-1.0000|1.0000|-1.0000|2.0000|1.0000|1.0000|1.0000
	AAGACCG|7|187|245:	1.0000|1.0000|-1.0000|1.0000|1.0000|1.0000|1.0000|2.0000|1.0000
	AGTTCCA|7|15|241:	1.0000|2.0000|-1.0000|1.0000|1.0000|1.0000|1.0000|1.0000|1.0000
	GCGCTGC|7|120|158:	1.0000|1.0000|-1.0000|1.0000|1.0000|1.0000|1.0000|2.0000|1.0000
	GGTCTGC|7|80|158:	2.0000|1.0000|-1.0000|2.0000|1.0000|2.0000|1.0000|1.0000|-1.0000
	GTGACTC|7|180|238:	1.0000|1.0000|-1.0000|1.0000|1.0000|1.0000|1.0000|2.0000|1.0000
	GACGC|5|28|30:	-1.0000|-1.0000|1.0000|-1.0000|1.0000|-1.0000|-1.0000|-2.0000|-1.0000
	GTTAC|5|4|14:	-1.0000|-1.0000|1.0000|-1.0000|1.0000|-1.0000|-1.0000|-2.0000|-1.0000
	GACTAG|6|28|34:	-1.0000|-2.0000|1.0000|-1.0000|1.0000|-1.0000|-1.0000|-2.0000|-1.0000
	CGTCTGC|7|78|160:	-1.0000|-2.0000|1.0000|-1.0000|-1.0000|-1.0000|-1.0000|-1.0000|-1.0000
	GACTGAT|7|28|74:	1.0000|1.0000|-1.0000|2.0000|-1.0000|1.0000|1.0000|1.0000|1.0000
	GGTTGGT|7|16|90:	1.0000|2.0000|-1.0000|1.0000|1.0000|1.0000|1.0000|2.0000|1.0000
	TCGCTTC|7|117|175:	1.0000|1.0000|-1.0000|1.0000|-1.0000|1.0000|1.0000|2.0000|1.0000
	TGACTGT|7|109|155:	-1.0000|-2.0000|1.0000|-1.0000|1.0000|-1.0000|-1.0000|-2.0000|-1.0000
	TGTCTGG|7|77|151:	-1.0000|-2.0000|1.0000|-1.0000|-1.0000|-1.0000|-1.0000|-2.0000|-1.0000